"ESmeasure" "K" "npilot" "ES" "alpha" "power" "CountNAn" "CountNAES" "CountNAp"
"1" "eta" 2 10 0.0099 0.05 0.8 18847 18847 18847
"2" "epsilon" 2 10 0.0099 0.05 0.8 623146 623146 623146
"3" "omega" 2 10 0.0099 0.05 0.8 624412 624412 624412
"4" "eta" 3 10 0.0099 0.05 0.8 362 362 362
"5" "epsilon" 3 10 0.0099 0.05 0.8 567010 567010 567010
"6" "omega" 3 10 0.0099 0.05 0.8 567189 567189 567189
"7" "eta" 4 10 0.0099 0.05 0.8 7 7 7
"8" "epsilon" 4 10 0.0099 0.05 0.8 538624 538624 538624
"9" "omega" 4 10 0.0099 0.05 0.8 540141 540141 540141
"10" "eta" 2 25 0.0099 0.05 0.8 26830 26830 26830
"11" "epsilon" 2 25 0.0099 0.05 0.8 568388 568388 568388
"12" "omega" 2 25 0.0099 0.05 0.8 568055 568055 568055
"13" "eta" 3 25 0.0099 0.05 0.8 806 806 806
"14" "epsilon" 3 25 0.0099 0.05 0.8 503751 503751 503751
"15" "omega" 3 25 0.0099 0.05 0.8 503594 503594 503594
"16" "eta" 4 25 0.0099 0.05 0.8 16 16 16
"17" "epsilon" 4 25 0.0099 0.05 0.8 467855 467855 467855
"18" "omega" 4 25 0.0099 0.05 0.8 467103 467103 467103
"19" "eta" 2 50 0.0099 0.05 0.8 30081 30081 30081
"20" "epsilon" 2 50 0.0099 0.05 0.8 476359 476359 476359
"21" "omega" 2 50 0.0099 0.05 0.8 476207 476207 476207
"22" "eta" 3 50 0.0099 0.05 0.8 1153 1153 1153
"23" "epsilon" 3 50 0.0099 0.05 0.8 404189 404189 404189
"24" "omega" 3 50 0.0099 0.05 0.8 403313 403313 403313
"25" "eta" 4 50 0.0099 0.05 0.8 37 37 37
"26" "epsilon" 4 50 0.0099 0.05 0.8 358430 358430 358430
"27" "omega" 4 50 0.0099 0.05 0.8 358899 358899 358899
"28" "eta" 2 10 0.0588 0.05 0.8 11184 11184 11184
"29" "epsilon" 2 10 0.0588 0.05 0.8 429842 429842 429842
"30" "omega" 2 10 0.0588 0.05 0.8 429461 429461 429461
"31" "eta" 3 10 0.0588 0.05 0.8 166 166 166
"32" "epsilon" 3 10 0.0588 0.05 0.8 356509 356509 356509
"33" "omega" 3 10 0.0588 0.05 0.8 355604 355604 355604
"34" "eta" 4 10 0.0588 0.05 0.8 3 3 3
"35" "epsilon" 4 10 0.0588 0.05 0.8 310411 310411 310411
"36" "omega" 4 10 0.0588 0.05 0.8 309086 309086 309086
"37" "eta" 2 25 0.0588 0.05 0.8 7278 7278 7278
"38" "epsilon" 2 25 0.0588 0.05 0.8 218438 218438 218438
"39" "omega" 2 25 0.0588 0.05 0.8 219009 219009 219009
"40" "eta" 3 25 0.0588 0.05 0.8 97 97 97
"41" "epsilon" 3 25 0.0588 0.05 0.8 146302 146302 146302
"42" "omega" 3 25 0.0588 0.05 0.8 146933 146933 146933
"43" "eta" 4 25 0.0588 0.05 0.8 2 2 2
"44" "epsilon" 4 25 0.0588 0.05 0.8 103955 103955 103955
"45" "omega" 4 25 0.0588 0.05 0.8 104048 104048 104048
"46" "eta" 2 50 0.0588 0.05 0.8 2224 2224 2224
"47" "epsilon" 2 50 0.0588 0.05 0.8 67775 67775 67775
"48" "omega" 2 50 0.0588 0.05 0.8 67121 67121 67121
"49" "eta" 3 50 0.0588 0.05 0.8 16 16 16
"50" "epsilon" 3 50 0.0588 0.05 0.8 29821 29821 29821
"51" "omega" 3 50 0.0588 0.05 0.8 29712 29712 29712
"52" "eta" 4 50 0.0588 0.05 0.8 0 0 0
"53" "epsilon" 4 50 0.0588 0.05 0.8 13514 13514 13514
"54" "omega" 4 50 0.0588 0.05 0.8 13893 13893 13893
"55" "eta" 2 10 0.1379 0.05 0.8 4242 4242 4242
"56" "epsilon" 2 10 0.1379 0.05 0.8 210419 210419 210419
"57" "omega" 2 10 0.1379 0.05 0.8 211568 211568 211568
"58" "eta" 3 10 0.1379 0.05 0.8 40 40 40
"59" "epsilon" 3 10 0.1379 0.05 0.8 142081 142081 142081
"60" "omega" 3 10 0.1379 0.05 0.8 141866 141866 141866
"61" "eta" 4 10 0.1379 0.05 0.8 1 1 1
"62" "epsilon" 4 10 0.1379 0.05 0.8 101525 101525 101525
"63" "omega" 4 10 0.1379 0.05 0.8 101100 101100 101100
"64" "eta" 2 25 0.1379 0.05 0.8 612 612 612
"65" "epsilon" 2 25 0.1379 0.05 0.8 33807 33807 33807
"66" "omega" 2 25 0.1379 0.05 0.8 33870 33870 33870
"67" "eta" 3 25 0.1379 0.05 0.8 7 7 7
"68" "epsilon" 3 25 0.1379 0.05 0.8 11795 11795 11795
"69" "omega" 3 25 0.1379 0.05 0.8 11888 11888 11888
"70" "eta" 4 25 0.1379 0.05 0.8 0 0 0
"71" "epsilon" 4 25 0.1379 0.05 0.8 4351 4351 4351
"72" "omega" 4 25 0.1379 0.05 0.8 4317 4317 4317
"73" "eta" 2 50 0.1379 0.05 0.8 11 11 11
"74" "epsilon" 2 50 0.1379 0.05 0.8 1368 1368 1368
"75" "omega" 2 50 0.1379 0.05 0.8 1380 1380 1380
"76" "eta" 3 50 0.1379 0.05 0.8 0 0 0
"77" "epsilon" 3 50 0.1379 0.05 0.8 126 126 126
"78" "omega" 3 50 0.1379 0.05 0.8 113 113 113
"79" "eta" 4 50 0.1379 0.05 0.8 0 0 0
"80" "epsilon" 4 50 0.1379 0.05 0.8 19 19 19
"81" "omega" 4 50 0.1379 0.05 0.8 15 15 15
"82" "eta" 2 10 0.0099 0.05 0.9 21871 21871 21871
"83" "epsilon" 2 10 0.0099 0.05 0.9 624460 624460 624460
"84" "omega" 2 10 0.0099 0.05 0.9 622939 622939 622939
"85" "eta" 3 10 0.0099 0.05 0.9 495 495 495
"86" "epsilon" 3 10 0.0099 0.05 0.9 567698 567698 567698
"87" "omega" 3 10 0.0099 0.05 0.9 568683 568683 568683
"88" "eta" 4 10 0.0099 0.05 0.9 13 13 13
"89" "epsilon" 4 10 0.0099 0.05 0.9 539317 539317 539317
"90" "omega" 4 10 0.0099 0.05 0.9 539238 539238 539238
"91" "eta" 2 25 0.0099 0.05 0.9 31134 31134 31134
"92" "epsilon" 2 25 0.0099 0.05 0.9 566759 566759 566759
"93" "omega" 2 25 0.0099 0.05 0.9 567825 567825 567825
"94" "eta" 3 25 0.0099 0.05 0.9 960 960 960
"95" "epsilon" 3 25 0.0099 0.05 0.9 504236 504236 504236
"96" "omega" 3 25 0.0099 0.05 0.9 504905 504905 504905
"97" "eta" 4 25 0.0099 0.05 0.9 26 26 26
"98" "epsilon" 4 25 0.0099 0.05 0.9 466424 466424 466424
"99" "omega" 4 25 0.0099 0.05 0.9 467251 467251 467251
"100" "eta" 2 50 0.0099 0.05 0.9 34809 34809 34809
"101" "epsilon" 2 50 0.0099 0.05 0.9 477502 477502 477502
"102" "omega" 2 50 0.0099 0.05 0.9 477057 477057 477057
"103" "eta" 3 50 0.0099 0.05 0.9 1390 1390 1390
"104" "epsilon" 3 50 0.0099 0.05 0.9 403514 403514 403514
"105" "omega" 3 50 0.0099 0.05 0.9 403889 403889 403889
"106" "eta" 4 50 0.0099 0.05 0.9 50 50 50
"107" "epsilon" 4 50 0.0099 0.05 0.9 358122 358122 358122
"108" "omega" 4 50 0.0099 0.05 0.9 358710 358710 358710
"109" "eta" 2 10 0.0588 0.05 0.9 12792 12792 12792
"110" "epsilon" 2 10 0.0588 0.05 0.9 429671 429671 429671
"111" "omega" 2 10 0.0588 0.05 0.9 428900 428900 428900
"112" "eta" 3 10 0.0588 0.05 0.9 235 235 235
"113" "epsilon" 3 10 0.0588 0.05 0.9 355164 355164 355164
"114" "omega" 3 10 0.0588 0.05 0.9 355226 355226 355226
"115" "eta" 4 10 0.0588 0.05 0.9 4 4 4
"116" "epsilon" 4 10 0.0588 0.05 0.9 310470 310470 310470
"117" "omega" 4 10 0.0588 0.05 0.9 309231 309231 309231
"118" "eta" 2 25 0.0588 0.05 0.9 8350 8350 8350
"119" "epsilon" 2 25 0.0588 0.05 0.9 217802 217802 217802
"120" "omega" 2 25 0.0588 0.05 0.9 218463 218463 218463
"121" "eta" 3 25 0.0588 0.05 0.9 161 161 161
"122" "epsilon" 3 25 0.0588 0.05 0.9 145977 145977 145977
"123" "omega" 3 25 0.0588 0.05 0.9 145811 145811 145811
"124" "eta" 4 25 0.0588 0.05 0.9 3 3 3
"125" "epsilon" 4 25 0.0588 0.05 0.9 104211 104211 104211
"126" "omega" 4 25 0.0588 0.05 0.9 103942 103942 103942
"127" "eta" 2 50 0.0588 0.05 0.9 2593 2593 2593
"128" "epsilon" 2 50 0.0588 0.05 0.9 67112 67112 67112
"129" "omega" 2 50 0.0588 0.05 0.9 67157 67157 67157
"130" "eta" 3 50 0.0588 0.05 0.9 23 23 23
"131" "epsilon" 3 50 0.0588 0.05 0.9 29590 29590 29590
"132" "omega" 3 50 0.0588 0.05 0.9 29823 29823 29823
"133" "eta" 4 50 0.0588 0.05 0.9 0 0 0
"134" "epsilon" 4 50 0.0588 0.05 0.9 13951 13951 13951
"135" "omega" 4 50 0.0588 0.05 0.9 13737 13737 13737
"136" "eta" 2 10 0.1379 0.05 0.9 4953 4953 4953
"137" "epsilon" 2 10 0.1379 0.05 0.9 211307 211307 211307
"138" "omega" 2 10 0.1379 0.05 0.9 211232 211232 211232
"139" "eta" 3 10 0.1379 0.05 0.9 62 62 62
"140" "epsilon" 3 10 0.1379 0.05 0.9 143007 143007 143007
"141" "omega" 3 10 0.1379 0.05 0.9 141844 141844 141844
"142" "eta" 4 10 0.1379 0.05 0.9 1 1 1
"143" "epsilon" 4 10 0.1379 0.05 0.9 101460 101460 101460
"144" "omega" 4 10 0.1379 0.05 0.9 101061 101061 101061
"145" "eta" 2 25 0.1379 0.05 0.9 670 670 670
"146" "epsilon" 2 25 0.1379 0.05 0.9 33664 33664 33664
"147" "omega" 2 25 0.1379 0.05 0.9 34194 34194 34194
"148" "eta" 3 25 0.1379 0.05 0.9 2 2 2
"149" "epsilon" 3 25 0.1379 0.05 0.9 11741 11741 11741
"150" "omega" 3 25 0.1379 0.05 0.9 11857 11857 11857
"151" "eta" 4 25 0.1379 0.05 0.9 0 0 0
"152" "epsilon" 4 25 0.1379 0.05 0.9 4244 4244 4244
"153" "omega" 4 25 0.1379 0.05 0.9 4335 4335 4335
"154" "eta" 2 50 0.1379 0.05 0.9 21 21 21
"155" "epsilon" 2 50 0.1379 0.05 0.9 1384 1384 1384
"156" "omega" 2 50 0.1379 0.05 0.9 1421 1421 1421
"157" "eta" 3 50 0.1379 0.05 0.9 0 0 0
"158" "epsilon" 3 50 0.1379 0.05 0.9 156 156 156
"159" "omega" 3 50 0.1379 0.05 0.9 136 136 136
"160" "eta" 4 50 0.1379 0.05 0.9 0 0 0
"161" "epsilon" 4 50 0.1379 0.05 0.9 10 10 10
"162" "omega" 4 50 0.1379 0.05 0.9 10 10 10
